50
108 157 191 146 85 217 36 188 19 107 91 172 66 50 199 194 236 40 6 232 27 44 190 131 115 133 172 72 1 244 30 136 131 209 163 39 22 68 68 43 54 178 85 97 248 76 244 199 141 202 
100
175
135
94
59
120
18
174
142
126
111
60
23
181
61
189
60
100
78
69
73
40
35
232
245
114
220
187
43
226
13
218
152
101
99
38
12
178
146
219
193
134
131
175
205
58
38
202
225
150
62
206
148
42
143
102
134
67
177
189
52
107
222
166
210
59
21
18
14
64
111
101
94
28
225
188
194
12
249
3
101
64
188
103
47
34
136
65
111
81
56
4
146
103
8
226
215
45
96
138
35
