500
1236 193 1577 2405 630 1357 379 820 1398 1578 903 271 360 1284 2460 1917 434 2262 1128 2049 1349 1932 2008 1923 748 2149 255 1423 1277 1064 1030 1510 2145 0 1733 1533 1544 1767 2353 1921 37 420 399 766 807 1987 1774 1835 1158 2398 1036 186 1431 1715 1248 925 850 1547 2360 92 472 1581 58 774 1707 473 1214 290 391 106 782 2387 605 756 2068 857 101 1161 561 1177 1546 1783 151 1193 1481 247 636 1184 2479 1687 1183 908 1223 1086 1845 530 672 1461 1846 1959 353 2307 1632 1032 49 534 1852 839 2380 614 116 800 2175 189 1427 2478 207 1586 1385 782 1467 57 1755 1767 2191 1579 476 170 1410 1946 990 1029 1872 1054 1206 2065 843 1025 1996 1663 1552 870 1747 1798 2097 1627 413 1181 441 2313 72 2281 820 2250 2138 1156 2057 1204 843 1427 824 1194 1246 1817 1637 2294 391 2254 447 810 1873 1918 535 1559 1731 2029 2031 2109 1849 1226 795 2078 1440 1478 1111 620 365 1613 656 2311 680 1294 2114 1941 1197 1057 749 1055 2240 855 1786 1137 999 621 2338 1442 168 970 1631 1074 418 1879 1387 611 1473 408 2181 718 428 1369 1526 1289 446 2496 2208 93 1600 403 1058 1078 1552 1305 1355 1040 1460 187 489 2170 211 2320 558 1697 542 1545 2231 675 397 2463 590 543 1382 457 522 1381 953 1902 2069 1200 20 1927 594 80 820 2320 993 1682 1107 2457 2292 2072 2358 1030 974 642 1033 906 2482 992 551 1654 285 1921 259 373 2207 781 355 1381 1409 840 1090 1264 1678 2184 459 188 79 1817 1569 1872 533 670 1820 213 672 1443 462 1549 509 2236 1762 2417 389 885 2465 1280 2023 2003 602 2428 1350 795 2349 724 2213 748 782 506 1331 2464 2319 1448 813 628 1768 1819 2191 2031 2029 809 549 2179 2228 397 761 1959 2045 804 2098 1271 1232 1384 1574 379 346 1828 866 534 261 104 1292 114 712 30 811 650 1284 2410 546 1689 1963 684 2094 2289 734 134 2062 1938 2103 1233 1831 1556 1295 2430 1524 1332 2089 328 245 2389 465 347 1708 1049 305 1008 669 998 844 1296 2101 476 1311 2320 287 588 2494 842 1553 654 1687 1798 226 2045 1158 1099 1516 1104 2177 1937 2394 227 2402 180 1046 932 164 1945 757 314 1464 2114 2007 690 159 1895 2234 270 1404 674 1244 102 2031 910 765 2107 786 1677 587 573 733 1618 1381 375 2489 962 922 2353 411 1287 1758 1034 1591 157 1212 130 1353 1296 1935 1856 617 23 1152 1180 1101 1370 380 1780 2133 1922 764 2172 2140 1684 1380 924 1381 2248 472 832 436 2157 1101 732 482 814 608 1476 305 419 
900
321
1235
985
2117
2375
803
1354
1367
884
300
2427
1567
316
1506
237
2364
2441
2385
1394
1811
983
2321
1219
590
1532
29
1037
2367
763
373
1624
635
2175
2088
2421
2430
968
229
2232
1540
1409
516
2294
1485
643
2487
1948
853
1904
953
1427
2040
2150
427
1444
1644
1861
2101
825
1577
1380
385
1094
1167
539
303
1461
1180
2112
1059
871
845
1639
1576
756
508
2033
1403
1544
27
2284
553
1787
683
704
1175
630
222
386
1664
468
445
1567
1866
2043
2058
1251
353
1777
2033
863
1530
2159
754
1230
834
933
1790
1928
108
1953
430
102
1769
525
456
2242
195
887
1449
1517
2093
2250
1681
2244
98
1975
210
645
816
2040
1448
139
2367
2006
2349
2256
247
1779
103
1442
1003
2262
1425
843
2479
444
499
691
902
2359
2400
930
2029
163
898
864
2246
2465
1545
1811
937
30
721
1344
1075
1723
191
1929
813
901
289
568
2205
972
1765
884
1659
389
1253
1625
344
1256
572
1580
551
1679
992
1783
1678
1455
563
2306
603
695
1021
308
153
754
2050
1627
913
1918
1608
1812
2309
761
2028
1387
1329
182
2200
1300
1137
1300
1286
1483
1622
1404
397
2468
2153
1309
1831
1589
955
247
749
1270
543
1217
2134
2362
437
552
2078
45
120
2143
1780
2461
1
2251
1243
1371
104
2262
175
254
194
95
33
2298
1377
1210
862
1457
2205
2105
1457
690
1638
969
588
2334
1596
148
1479
2294
603
2147
191
142
2074
1963
2474
1038
1622
987
896
486
2328
2053
1944
2219
980
151
1620
1140
49
2136
2177
694
1176
917
1115
258
2365
425
398
550
926
2369
2057
1973
1594
879
15
1146
2351
1033
1694
170
400
1567
1529
417
1212
989
582
2363
332
968
2243
625
2013
2417
863
289
435
472
1779
679
1874
2209
1390
2196
630
2286
824
279
1272
529
456
2218
2215
1636
700
1996
1668
500
2267
927
1149
1964
1689
139
1733
1790
1653
2108
2473
683
768
1471
2096
135
1836
1210
1111
574
2403
1780
84
686
2057
1285
636
2089
213
1540
1408
332
923
984
245
1313
1290
2129
1952
1065
936
871
2319
643
1182
145
1942
1401
1978
2468
1460
2185
1126
1284
2258
909
1486
1438
2313
1878
1669
225
1263
1307
2212
212
1523
4
1861
1948
1165
790
618
2447
957
866
597
274
1731
307
1668
1348
374
1286
1464
1650
2176
779
2334
1515
1983
212
1981
1033
2321
1773
2053
892
210
729
101
2348
1548
1027
1431
1976
260
2009
599
1987
2205
1311
740
294
614
611
1605
2303
1223
1950
1990
536
268
1417
2094
2153
274
21
1161
958
2019
875
1975
1191
343
267
157
1361
685
115
197
256
2189
2356
880
86
2451
2216
1024
1371
1109
76
698
645
718
1365
1278
1345
1622
471
1473
455
1552
306
1264
1219
896
176
1410
2113
1358
1407
2048
1921
1017
1653
1147
1780
2185
2004
1797
2449
1770
2087
1502
787
1922
1791
1334
1696
648
86
1516
1616
2466
2176
845
2452
715
2334
1131
1494
950
1776
1377
560
1293
1838
2496
457
1762
99
1538
1056
2326
465
1486
1601
972
51
2106
2362
1323
593
1155
537
1154
45
2365
5
1403
2057
2016
2167
1065
168
1786
1084
2379
304
1490
573
2263
1172
555
2177
664
1741
418
358
776
250
2444
615
2163
2157
1918
1125
2421
946
1104
418
2068
2060
303
476
221
1164
206
2374
1565
2166
803
1816
1982
1665
1373
1910
2490
2475
2195
1704
1270
1531
1972
920
1741
1786
2300
419
750
327
2440
667
1674
1952
1476
272
945
1465
1087
1916
240
539
656
1955
1849
2459
490
1019
2059
510
2216
2325
2244
1741
1537
959
173
1116
2268
2155
1388
1742
714
1251
2429
640
678
1028
1582
837
2
1498
495
2416
2312
1491
408
1627
1429
1394
972
819
905
1813
2403
1785
719
1007
2353
1951
866
252
38
994
1931
452
2375
1095
1505
84
2067
2485
2356
2126
992
319
2322
1155
2366
659
960
1096
854
989
1916
2234
1210
121
2167
925
354
65
1264
767
1792
311
16
2180
1099
132
901
2412
2263
430
1352
2329
1334
2271
1098
1713
366
916
176
2294
1817
1663
589
1213
16
1565
662
712
1441
969
1487
755
34
2021
1305
636
1955
2356
1326
875
2308
982
1681
1269
11
615
1811
798
1857
2184
51
2142
1667
965
349
1720
2393
35
1646
570
372
1820
571
905
530
850
390
1311
304
2105
1470
1783
1808
1364
2199
186
2288
1160
588
2425
1222
162
533
1744
1081
1471
49
1424
350
648
1154
731
892
2368
448
2094
1623
55
331
118
845
1380
1891
72
2074
1057
1231
474
2319
781
1719
1907
5
2398
681
1912
1244
1472
1935
390
1354
258
2492
1554
2384
320
789
60
862
273
2027
985
1904
958
850
1721
1406
2212
554
2181
1587
2158
2009
1826
1447
335
457
758
1690
1247
847
553
904
1276
184
2498
87
2291
1263
280
438
1774
2167
