500
233 1826 1464 2145 1812 1848 1042 848 1679 112 1980 414 831 2375 61 496 54 544 875 260 269 502 2319 637 1610 2384 1961 1373 1171 2160 2269 1884 551 1801 500 1293 1538 2168 2015 1031 1124 2170 1493 2452 1095 992 1617 1244 1764 1189 2366 1434 1436 4 1870 1631 538 1956 2435 503 2306 174 1775 1722 826 888 1994 350 495 1569 1783 554 225 2027 827 2445 51 432 1622 658 742 1838 861 1903 1887 1567 2469 433 825 3 275 301 316 10 1624 1585 736 2001 2266 2378 1286 1125 805 1715 564 1587 1545 669 698 20 1424 1215 2466 1655 451 267 897 2390 1354 2477 1205 429 1305 581 1345 2140 1765 476 1080 377 152 728 677 2347 2440 1359 1795 2431 2224 83 1142 1220 1936 1952 1052 1747 114 459 529 1447 1229 2351 1372 510 1677 1018 2063 1301 57 1028 45 2409 14 192 1034 342 540 187 1717 430 432 1568 2323 1787 953 44 1986 1375 1969 1870 335 1215 1114 1870 782 842 981 2228 2041 379 730 106 2042 1892 306 2159 531 1337 323 2008 1533 801 896 1931 1293 1804 2384 453 823 2227 570 2358 2391 67 228 286 1149 888 1512 1616 1058 747 453 809 2462 42 2300 2222 1511 1834 985 2141 1726 891 2269 732 716 730 2447 1517 1849 470 523 578 194 1985 751 1295 2290 1070 712 209 1977 437 1736 1220 904 1890 962 1003 2373 2071 657 1685 709 2238 580 81 118 1338 1292 2233 1288 2398 317 1371 895 823 1608 1182 152 2023 1943 1631 1675 1156 650 1019 2359 2090 1817 2462 632 111 1357 670 254 509 1537 1368 1355 88 2003 64 241 1890 1541 1315 534 107 891 805 1433 697 89 2027 866 2356 2453 883 1127 2219 1116 544 446 1151 1273 1473 1629 2154 1272 2348 322 1808 2470 217 1961 1131 279 809 1646 1965 1646 1514 1789 1458 1187 1830 71 898 1669 1362 2398 1383 7 1737 526 1288 1715 1773 2467 1046 2259 133 2269 19 1676 664 1720 2123 482 144 869 665 1790 1626 426 673 1215 851 394 1699 2499 849 1061 271 865 1335 404 2266 2336 996 904 493 1443 317 2393 2497 2218 48 815 1157 957 2067 317 1964 2440 862 2496 1553 898 2374 1047 944 2226 2214 2052 2005 1500 596 528 652 799 429 1009 268 230 1907 831 1045 1298 325 302 672 1717 1829 2461 2104 2082 2205 1075 1439 420 345 883 1310 813 736 1018 216 2129 852 997 233 17 1978 1659 1789 529 594 152 374 1383 431 2349 146 1504 2377 382 1728 2287 1385 225 1588 330 2020 809 463 1211 1526 988 275 2158 904 1717 2049 1412 1806 592 275 2066 2461 1283 2307 651 2091 1462 1060 52 1550 
1000
486
1083
1029
1043
1296
1759
1118
606
2272
1744
612
736
2252
145
2344
537
637
1943
1845
691
1621
414
1185
196
2314
2100
1288
846
1365
1402
2339
941
2382
2292
1566
87
521
672
2271
189
2373
785
549
1140
1377
292
1306
196
2318
666
1824
693
1510
833
2082
768
893
2358
1257
137
48
696
235
1546
1721
1823
2335
1175
1969
1346
2040
1508
300
2384
1894
2221
1338
527
181
1724
1508
1370
2124
1666
1015
298
1395
2423
2351
2210
932
1817
1491
1245
856
2447
2039
1140
2156
1929
1417
1797
956
28
754
206
2405
286
23
2159
572
2422
69
2278
24
315
2261
253
1032
627
797
95
267
2275
472
197
1642
797
355
1578
595
2322
1969
932
2041
650
2058
397
969
1148
7
2121
745
1024
774
948
2254
368
2144
905
1442
1614
766
2091
1706
1137
444
646
430
437
1570
1622
418
2028
1212
1765
755
1751
2408
133
1708
75
1765
1532
1240
221
1501
2176
23
989
2190
1242
673
866
2164
1732
1857
825
1131
1509
187
2070
710
2277
1259
2134
2017
1674
2006
642
989
1490
1637
937
492
1285
2342
775
1763
357
2124
2320
1386
1482
930
743
1357
485
1374
990
777
2274
928
1263
2164
2381
2173
2252
2495
1701
2149
681
462
542
468
1327
1087
690
1274
1604
947
1601
1739
408
1648
2455
1307
1542
551
1859
886
2240
978
393
188
1686
1382
1734
1909
947
1672
278
1567
2367
447
1425
68
2270
1542
1256
826
1789
1849
1000
1778
1590
767
719
1769
811
2312
65
1305
2223
1018
1308
1434
2364
39
621
1484
1140
2152
2067
325
1270
1122
2162
1195
1114
2058
793
669
955
925
1822
535
1091
2140
1376
1022
1362
2202
411
1708
469
1953
2348
456
1906
1506
938
1221
2292
1293
1693
221
331
48
2177
568
2432
1377
1521
1323
2217
254
18
1123
1789
1411
1721
1496
2497
1082
1136
1259
4
718
299
4
1515
1193
706
1593
627
773
405
1617
584
312
240
834
1597
2104
1060
1371
1671
1066
1251
2305
2439
1023
1277
582
807
1116
420
764
1909
1774
156
840
389
77
667
1677
2114
2256
357
1191
1065
1635
116
126
2023
484
265
1972
2270
1055
966
2246
593
556
1350
690
2421
84
1660
1434
839
1630
2271
718
968
2472
2165
800
418
972
40
1495
1339
352
185
2028
1469
1012
534
1438
2189
798
882
952
85
1907
10
1717
2373
1132
21
154
317
371
1036
771
1555
1079
814
651
2127
683
1898
1177
1743
640
486
449
203
2272
597
1274
2199
1691
133
1878
1113
1033
2171
258
1007
531
653
1212
367
431
1875
2348
844
278
2175
1412
2443
2183
1784
2359
541
23
2337
1721
664
1345
334
1622
1749
2324
580
1695
2318
1136
1608
1771
1655
229
827
2064
1377
754
1268
422
980
2169
178
2047
1356
1415
2386
842
1360
128
248
1996
2431
2491
1505
231
1829
2453
1832
495
367
377
1259
283
1171
1297
1682
70
371
685
1083
2091
606
330
2367
356
166
2055
1369
822
835
509
2379
75
1048
1908
2003
1527
1389
754
902
2476
352
221
809
2193
1648
1434
2357
2087
2136
206
13
1348
1442
1258
1888
2302
1795
1799
1948
2446
2371
548
692
1906
920
2330
1309
802
1913
191
1209
2348
930
2466
1458
1150
2236
1284
839
2396
498
412
1548
1719
2444
1721
566
135
1822
984
1469
2297
952
1287
2178
2063
427
1340
1159
604
1586
970
1093
275
454
1038
592
1910
2199
561
360
1468
2031
926
1040
302
1300
2149
2286
2412
90
153
2358
156
848
1806
119
1084
1007
1519
350
1375
730
2486
478
599
176
530
1307
1878
1338
876
441
35
1568
1483
1877
1131
810
2393
685
1770
1399
2255
1136
1297
1785
2191
1048
993
1706
1365
618
1382
2388
1862
2111
904
1527
2222
1946
1694
292
651
1871
1315
2205
661
2317
27
1117
1756
1760
2348
1332
2053
2154
1697
359
1803
2359
1506
220
1453
1971
1918
1834
259
393
931
1592
90
2437
1553
1679
1300
1171
1597
409
2404
1262
790
2038
2335
564
1201
974
2396
2063
1569
1495
561
2127
1288
2408
548
1517
336
990
2166
1046
1843
1954
933
286
786
297
1396
1559
272
770
1646
2466
698
479
397
2225
1688
660
111
1300
2463
298
98
1451
1679
1938
584
1751
1233
475
799
795
1058
1540
928
219
2361
958
2034
576
575
1908
1477
1149
1021
959
641
1758
1205
632
578
2321
223
2341
957
1293
1277
364
1864
1321
1915
413
545
1092
236
1429
1790
1549
1848
163
1886
399
586
1615
389
1550
240
1754
1076
2221
1904
2230
1536
1969
2220
2208
1357
1441
1967
2075
1050
1738
2199
495
1152
1400
196
334
1777
1132
1891
1730
1493
1229
331
667
411
2272
254
1905
1749
2105
168
1886
2077
2155
1190
1392
1373
1834
1369
1531
1955
1294
2470
1031
1185
290
536
1670
2269
28
1423
1547
1070
1696
2046
42
1939
2310
1559
1586
1396
1318
2155
453
46
2042
2118
1563
2177
824
1809
323
740
613
443
509
548
118
81
1260
1099
1331
1493
3
259
595
2449
2276
453
672
930
16
1770
708
1189
1728
839
197
1105
536
728
733
2017
2477
1577
1374
267
491
2338
2428
1685
773
643
2418
1173
1413
1354
960
140
1403
1153
2149
1689
1916
1823
1510
2097
1514
1540
160
2027
1825
81
1454
1271
1085
1020
308
1755
827
1208
317
343
1077
2423
2360
1022
1362
2003
1880
319
289
1186
897
923
139
175
425
1041
1681
2426
1579
1471
1413
